  43.52989508  42.28563736  43.52427001  39.28295369  39.40800831
  33.46261563  32.93638503  32.41351662  30.03363535  26.22975319
  24.3073496   25.44504871  22.33479456  21.01807222  20.80060156
  19.66415394  18.66169031  15.89146002  17.0635782   15.27216614
  13.35700825  13.67096834  11.76653496  11.10510621   8.45738675
   7.93420853   8.36606821  10.31337932   8.7752979    7.27279136
   6.58986076   6.65999066   5.4079553    5.88475958   4.59763395
   4.9757378    4.3558506    3.78234593   2.94193993   3.2776249
   3.33432198   2.11438133   2.479885     2.30910046   2.03019685
   2.01319703   1.27055537   0.74112008   0.40565414   0.26478069
   0.39345772   0.14355833   0.10918106   0.19713489   0.14578435
   0.19194069   0.36956494   0.40637767   0.13191018   0.        ]
their ll:  nan
r  [3.63380365e+01 5.15231328e+01 6.69099281e+01 6.50167261e+01
 6.42109945e+01 6.32247827e+01 6.45305577e+01 6.83359170e+01
 7.45629702e+01 8.03568369e+01 8.19496816e+01 8.29152543e+01
 8.95984338e+01 8.69063318e+01 8.66979532e+01 8.59282712e+01
 7.98721801e+01 8.25344742e+01 8.46554049e+01 8.13003824e+01
 7.56717380e+01 7.39336526e+01 7.55922991e+01 6.85416001e+01
 6.57959126e+01 6.32667975e+01 6.20676297e+01 5.66141563e+01
 5.38586605e+01 5.16392634e+01 4.84520392e+01 4.50239928e+01
 4.58988500e+01 4.56521937e+01 4.21623101e+01 3.81604262e+01
 3.77765409e+01 3.46736695e+01 3.36202733e+01 3.07516655e+01
 3.31722904e+01 3.12751345e+01 2.84590988e+01 2.68871973e+01
 2.46873824e+01 2.53092233e+01 2.26920608e+01 2.28151699e+01
 1.98162924e+01 1.77061901e+01 1.64718459e+01 1.67034942e+01
 1.40623012e+01 1.46907036e+01 1.39524985e+01 1.46718694e+01
 1.15280811e+01 1.11531109e+01 9.50069647e+00 7.86236439e+00
 7.23990954e+00 7.39769950e+00 7.52150971e+00 6.67801326e+00
 5.79774106e+00 5.66050510e+00 4.95876584e+00 5.13942721e+00
 4.23896691e+00 4.37308716e+00 3.89853798e+00 3.22505983e+00
 2.96045390e+00 2.46240459e+00 2.71354444e+00 2.82955481e+00
 2.61622683e+00 3.01833495e+00 2.37156922e+00 2.28908526e+00
 2.09729465e+00 1.99222537e+00 1.56963212e+00 1.19338755e+00
 9.86419510e-01 1.22954562e+00 6.38421125e-01 2.44543321e-01
 1.98643669e-01 1.09327349e-01 7.58454757e-02 5.02972676e-02
 1.04878032e-01 1.32840789e-01 1.66027819e-01 2.46044502e-01
 1.22246141e-01 1.54990618e-01 1.93746862e-02 0.00000000e+00]
their ll:  nan
r  [2.11791171e+01 3.01816796e+01 3.52804849e+01 3.97933861e+01
 4.24742647e+01 4.14400752e+01 4.19651007e+01 4.54204979e+01
 4.28605868e+01 4.45259637e+01 4.35044502e+01 4.44341969e+01
 4.79393370e+01 4.94664076e+01 4.77718959e+01 4.76350893e+01
 4.53144645e+01 4.55242055e+01 4.17238662e+01 3.92867024e+01
 4.03846065e+01 3.74080186e+01 3.50344949e+01 3.45042254e+01
 3.26895888e+01 3.20102440e+01 3.03166156e+01 3.07655060e+01
 2.88697110e+01 3.00572182e+01 2.75845168e+01 2.62520996e+01
 2.57446663e+01 2.48058662e+01 2.54104436e+01 2.31563572e+01
 2.31938677e+01 2.21160744e+01 2.26190678e+01 2.08974558e+01
 1.95414172e+01 2.06687573e+01 2.07889993e+01 1.84682184e+01
 1.63479388e+01 1.66392287e+01 1.54575363e+01 1.34568285e+01
 1.37784517e+01 1.15554443e+01 1.17238164e+01 1.13886408e+01
 1.07964514e+01 9.67531393e+00 9.38798594e+00 9.41361224e+00
 8.03651480e+00 6.50961380e+00 7.78276896e+00 6.56937635e+00
 5.98111708e+00 4.93377588e+00 4.92561054e+00 5.16140974e+00
 3.96274024e+00 4.35320844e+00 3.46391311e+00 3.36872772e+00
 3.66152049e+00 2.95346399e+00 3.20110299e+00 2.93132863e+00
 2.10866223e+00 2.86024417e+00 2.05422699e+00 2.04766650e+00
 1.48203895e+00 1.88188292e+00 1.52549334e+00 1.46859351e+00
 1.47656681e+00 9.19424158e-01 1.20528786e+00 5.74295806e-01
 5.01400764e-01 5.30535657e-01 3.36905937e-01 1.32905329e-01
 1.28765288e-01 6.33474018e-02 1.42745569e-01 1.67111020e-01
 9.99176472e-02 6.59069406e-02 1.51947661e-01 4.08700194e-02
 1.00174931e-01 1.15017606e-01 6.01417528e-03 0.00000000e+00]
their ll:  nan
r  [21514.01850402 27534.80846902 28831.38834299 30512.50497379
 31375.49784589 33070.44490988 34533.13520728 35964.08799057
 37756.21460628 38433.75791112 39243.12470059 40160.21609301
 40952.73550066 42284.83772486 43516.66838565 44034.87995562
 44908.69324636 45272.88913889 45063.1437944  44106.1707657
 42436.96872711 40443.82162333 38399.42809464 36735.19493103
 35264.52400786 33806.33909975 32572.50518388 31841.10027593
 30668.5196884  29620.17300838 28798.08473106 27156.04671947
 26324.2344659  24805.74134589 23685.16935251 22779.34455897
 22023.35952236 21553.62034197 21348.48761299 20807.839629
 20253.79903191 19500.41318276 18714.58550796 17728.66623575
 16740.96782682 15641.53299282 14734.08504642 13858.44679361
 12720.20298637 11848.72657633 11202.10789344 10689.42659364
 10009.97437423  9556.51269646  9190.43040291  8749.25422117
  8352.83061915  7784.18169532  7476.70281225  7046.79957234
  6673.18592001  6473.2858213   6340.23257848  6218.64390096
  5950.42105162  5807.10276704  5739.50555085  5683.20638018
  5585.26957275  5511.72962525  5350.59489067  5318.32720945
  5187.68400061  5069.38624007  4958.03875772  4900.71181909
  4898.58370701  4797.60043255  4795.95363767  4801.64651065
  4653.07373918  4533.0411827   4501.81657633  4421.31991866
  4349.15966991  4362.0189463   4292.91631427  4131.86547953
  4111.37493928  4051.84046314  4054.17860812  4055.49500816
  4051.43395711  4051.94826513  4054.93232106  4053.84098731
  4062.59220179  4062.47996107  4047.12563064  4039.98842534]
their ll:  -568.2834659870875
r  [117.54208094 136.41156399 145.46096683 141.22579248 144.24109845
 145.49168722 143.27548619 149.29616679 157.71771698 159.08719259
 155.08189543 155.67686111 169.22746252 174.07613322 167.90622633
 176.5236093  174.88180262 174.71636256 176.95241468 172.76280518
 169.02443408 165.09035649 169.57046426 169.16348483 159.15181075
 153.00267943 156.94039979 152.38622958 151.25360539 140.74044653
 142.77160507 130.40726701 124.3215056  131.67522444 120.50587116
 119.35112653 113.79987613 103.55416887 100.5056763   90.00840011
  87.1561909   84.94476108  82.05852966  75.1069611   71.62503125
  69.51478006  67.57500976  64.4677052   60.21622194  57.70095542
  54.12820732  49.73871122  48.4029785   45.43506084  48.78550062
  43.00704705  40.39241801  34.16723539  31.29395344  28.88488578
  22.75884774  24.4426279   25.36862474  22.09280694  19.31082327
  17.54123959  17.99974814  15.56043748  13.63395013  15.24669318
  13.43125187  12.72601367  10.20248663   8.61726621   9.3281191
   8.75848307   9.43353498   8.84473976   7.53366802   8.15589497
   6.65884209   5.5957908    5.19089997   5.11191771   3.34319223
   2.2520995    2.818905     1.18372791   0.62476121   0.34326861
   0.43818695   0.72431664   0.76184648   0.54889414   0.71636138
   0.57754763   1.19940414   1.33772508   0.67384476   0.        ]
their ll:  nan
r  [ 70.34455278  83.08568331  88.48131631  91.56400868  94.32690233
  90.90264612  94.27664468 101.06815655  98.38745559  92.16948647
  98.47894966  94.38652845  98.28840121  99.39570174 103.83793567
 103.33587383 104.72537401 100.69118485  97.03617061  90.33761486
  87.23847389  85.00843244  82.16219804  81.64076793  77.37135813
  77.88376987  72.15461624  71.03820275  71.02358687  63.4107616
  67.24847531  66.4245688   57.16897039  60.51937781  57.89588548
  56.41810156  51.00796355  49.85165141  49.65475863  44.88037134
  43.52989508  42.28563736  43.52427001  39.28295369  39.40800831
  33.46261563  32.93638503  32.41351662  30.03363535  26.22975319
  24.3073496   25.44504871  22.33479456  21.01807222  20.80060156
  19.66415394  18.66169031  15.89146002  17.0635782   15.27216614
  13.35700825  13.67096834  11.76653496  11.10510621   8.45738675
   7.93420853   8.36606821  10.31337932   8.7752979    7.27279136
   6.58986076   6.65999066   5.4079553    5.88475958   4.59763395
   4.9757378    4.3558506    3.78234593   2.94193993   3.2776249
   3.33432198   2.11438133   2.479885     2.30910046   2.03019685
   2.01319703   1.27055537   0.74112008   0.40565414   0.26478069
   0.39345772   0.14355833   0.10918106   0.19713489   0.14578435
   0.19194069   0.36956494   0.40637767   0.13191018   0.        ]
their ll:  nan
r  [3.63380365e+01 5.15231328e+01 6.69099281e+01 6.50167261e+01
 6.42109945e+01 6.32247827e+01 6.45305577e+01 6.83359170e+01
 7.45629702e+01 8.03568369e+01 8.19496816e+01 8.29152543e+01
 8.95984338e+01 8.69063318e+01 8.66979532e+01 8.59282712e+01
 7.98721801e+01 8.25344742e+01 8.46554049e+01 8.13003824e+01
 7.56717380e+01 7.39336526e+01 7.55922991e+01 6.85416001e+01
 6.57959126e+01 6.32667975e+01 6.20676297e+01 5.66141563e+01
 5.38586605e+01 5.16392634e+01 4.84520392e+01 4.50239928e+01
 4.58988500e+01 4.56521937e+01 4.21623101e+01 3.81604262e+01
 3.77765409e+01 3.46736695e+01 3.36202733e+01 3.07516655e+01
 3.31722904e+01 3.12751345e+01 2.84590988e+01 2.68871973e+01
 2.46873824e+01 2.53092233e+01 2.26920608e+01 2.28151699e+01
 1.98162924e+01 1.77061901e+01 1.64718459e+01 1.67034942e+01
 1.40623012e+01 1.46907036e+01 1.39524985e+01 1.46718694e+01
 1.15280811e+01 1.11531109e+01 9.50069647e+00 7.86236439e+00
 7.23990954e+00 7.39769950e+00 7.52150971e+00 6.67801326e+00
 5.79774106e+00 5.66050510e+00 4.95876584e+00 5.13942721e+00
 4.23896691e+00 4.37308716e+00 3.89853798e+00 3.22505983e+00
 2.96045390e+00 2.46240459e+00 2.71354444e+00 2.82955481e+00
 2.61622683e+00 3.01833495e+00 2.37156922e+00 2.28908526e+00
 2.09729465e+00 1.99222537e+00 1.56963212e+00 1.19338755e+00
 9.86419510e-01 1.22954562e+00 6.38421125e-01 2.44543321e-01
 1.98643669e-01 1.09327349e-01 7.58454757e-02 5.02972676e-02
 1.04878032e-01 1.32840789e-01 1.66027819e-01 2.46044502e-01
 1.22246141e-01 1.54990618e-01 1.93746862e-02 0.00000000e+00]
their ll:  nan
r  [2.11791171e+01 3.01816796e+01 3.52804849e+01 3.97933861e+01
 4.24742647e+01 4.14400752e+01 4.19651007e+01 4.54204979e+01
 4.28605868e+01 4.45259637e+01 4.35044502e+01 4.44341969e+01
 4.79393370e+01 4.94664076e+01 4.77718959e+01 4.76350893e+01
 4.53144645e+01 4.55242055e+01 4.17238662e+01 3.92867024e+01
 4.03846065e+01 3.74080186e+01 3.50344949e+01 3.45042254e+01
 3.26895888e+01 3.20102440e+01 3.03166156e+01 3.07655060e+01
 2.88697110e+01 3.00572182e+01 2.75845168e+01 2.62520996e+01
 2.57446663e+01 2.48058662e+01 2.54104436e+01 2.31563572e+01
 2.31938677e+01 2.21160744e+01 2.26190678e+01 2.08974558e+01
 1.95414172e+01 2.06687573e+01 2.07889993e+01 1.84682184e+01
 1.63479388e+01 1.66392287e+01 1.54575363e+01 1.34568285e+01
 1.37784517e+01 1.15554443e+01 1.17238164e+01 1.13886408e+01
 1.07964514e+01 9.67531393e+00 9.38798594e+00 9.41361224e+00
 8.03651480e+00 6.50961380e+00 7.78276896e+00 6.56937635e+00
 5.98111708e+00 4.93377588e+00 4.92561054e+00 5.16140974e+00
 3.96274024e+00 4.35320844e+00 3.46391311e+00 3.36872772e+00
 3.66152049e+00 2.95346399e+00 3.20110299e+00 2.93132863e+00
 2.10866223e+00 2.86024417e+00 2.05422699e+00 2.04766650e+00
 1.48203895e+00 1.88188292e+00 1.52549334e+00 1.46859351e+00
 1.47656681e+00 9.19424158e-01 1.20528786e+00 5.74295806e-01
 5.01400764e-01 5.30535657e-01 3.36905937e-01 1.32905329e-01
 1.28765288e-01 6.33474018e-02 1.42745569e-01 1.67111020e-01
 9.99176472e-02 6.59069406e-02 1.51947661e-01 4.08700194e-02
 1.00174931e-01 1.15017606e-01 6.01417528e-03 0.00000000e+00]
their ll:  nan
r  [21514.01850402 27534.80846902 28831.38834299 30512.50497379
 31375.49784589 33070.44490988 34533.13520728 35964.08799057
 37756.21460628 38433.75791112 39243.12470059 40160.21609301
 40952.73550066 42284.83772486 43516.66838565 44034.87995562
 44908.69324636 45272.88913889 45063.1437944  44106.1707657
 42436.96872711 40443.82162333 38399.42809464 36735.19493103
 35264.52400786 33806.33909975 32572.50518388 31841.10027593
 30668.5196884  29620.17300838 28798.08473106 27156.04671947
 26324.2344659  24805.74134589 23685.16935251 22779.34455897
 22023.35952236 21553.62034197 21348.48761299 20807.839629
 20253.79903191 19500.41318276 18714.58550796 17728.66623575
 16740.96782682 15641.53299282 14734.08504642 13858.44679361
 12720.20298637 11848.72657633 11202.10789344 10689.42659364
 10009.97437423  9556.51269646  9190.43040291  8749.25422117
  8352.83061915  7784.18169532  7476.70281225  7046.79957234
  6673.18592001  6473.2858213   6340.23257848  6218.64390096
  5950.42105162  5807.10276704  5739.50555085  5683.20638018
  5585.26957275  5511.72962525  5350.59489067  5318.32720945
  5187.68400061  5069.38624007  4958.03875772  4900.71181909
  4898.58370701  4797.60043255  4795.95363767  4801.64651065
  4653.07373918  4533.0411827   4501.81657633  4421.31991866
  4349.15966991  4362.0189463   4292.91631427  4131.86547953
  4111.37493928  4051.84046314  4054.17860812  4055.49500816
  4051.43395711  4051.94826513  4054.93232106  4053.84098731
  4062.59220179  4062.47996107  4047.12563064  4039.98842534]
their ll:  -568.3345430132933
r  [117.54208094 136.41156399 145.46096683 141.22579248 144.24109845
 145.49168722 143.27548619 149.29616679 157.71771698 159.08719259
 155.08189543 155.67686111 169.22746252 174.07613322 167.90622633
 176.5236093  174.88180262 174.71636256 176.95241468 172.76280518
 169.02443408 165.09035649 169.57046426 169.16348483 159.15181075
 153.00267943 156.94039979 152.38622958 151.25360539 140.74044653
 142.77160507 130.40726701 124.3215056  131.67522444 120.50587116
 119.35112653 113.79987613 103.55416887 100.5056763   90.00840011
  87.1561909   84.94476108  82.05852966  75.1069611   71.62503125
  69.51478006  67.57500976  64.4677052   60.21622194  57.70095542
  54.12820732  49.73871122  48.4029785   45.43506084  48.78550062
  43.00704705  40.39241801  34.16723539  31.29395344  28.88488578
  22.75884774  24.4426279   25.36862474  22.09280694  19.31082327
  17.54123959  17.99974814  15.56043748  13.63395013  15.24669318
  13.43125187  12.72601367  10.20248663   8.61726621   9.3281191
   8.75848307   9.43353498   8.84473976   7.53366802   8.15589497
   6.65884209   5.5957908    5.19089997   5.11191771   3.34319223
   2.2520995    2.818905     1.18372791   0.62476121   0.34326861
   0.43818695   0.72431664   0.76184648   0.54889414   0.71636138
   0.57754763   1.19940414   1.33772508   0.67384476   0.        ]
their ll:  nan
r  [ 70.34455278  83.08568331  88.48131631  91.56400868  94.32690233
  90.90264612  94.27664468 101.06815655  98.38745559  92.16948647
  98.47894966  94.38652845  98.28840121  99.39570174 103.83793567
 103.33587383 104.72537401 100.69118485  97.03617061  90.33761486
  87.23847389  85.00843244  82.16219804  81.64076793  77.37135813
  77.88376987  72.15461624  71.03820275  71.02358687  63.4107616
  67.24847531  66.4245688   57.16897039  60.51937781  57.89588548
  56.41810156  51.00796355  49.85165141  49.65475863  44.88037134
  43.52989508  42.28563736  43.52427001  39.28295369  39.40800831
  33.46261563  32.93638503  32.41351662  30.03363535  26.22975319
  24.3073496   25.44504871  22.33479456  21.01807222  20.80060156
  19.66415394  18.66169031  15.89146002  17.0635782   15.27216614
  13.35700825  13.67096834  11.76653496  11.10510621   8.45738675
   7.93420853   8.36606821  10.31337932   8.7752979    7.27279136
   6.58986076   6.65999066   5.4079553    5.88475958   4.59763395
   4.9757378    4.3558506    3.78234593   2.94193993   3.2776249
   3.33432198   2.11438133   2.479885     2.30910046   2.03019685
   2.01319703   1.27055537   0.74112008   0.40565414   0.26478069
   0.39345772   0.14355833   0.10918106   0.19713489   0.14578435
   0.19194069   0.36956494   0.40637767   0.13191018   0.        ]
their ll:  nan
r  [3.63380365e+01 5.15231328e+01 6.69099281e+01 6.50167261e+01
 6.42109945e+01 6.32247827e+01 6.45305577e+01 6.83359170e+01
 7.45629702e+01 8.03568369e+01 8.19496816e+01 8.29152543e+01
 8.95984338e+01 8.69063318e+01 8.66979532e+01 8.59282712e+01
 7.98721801e+01 8.25344742e+01 8.46554049e+01 8.13003824e+01
 7.56717380e+01 7.39336526e+01 7.55922991e+01 6.85416001e+01
 6.57959126e+01 6.32667975e+01 6.20676297e+01 5.66141563e+01
 5.38586605e+01 5.16392634e+01 4.84520392e+01 4.50239928e+01
 4.58988500e+01 4.56521937e+01 4.21623101e+01 3.81604262e+01
 3.77765409e+01 3.46736695e+01 3.36202733e+01 3.07516655e+01
 3.31722904e+01 3.12751345e+01 2.84590988e+01 2.68871973e+01
 2.46873824e+01 2.53092233e+01 2.26920608e+01 2.28151699e+01
 1.98162924e+01 1.77061901e+01 1.64718459e+01 1.67034942e+01
 1.40623012e+01 1.46907036e+01 1.39524985e+01 1.46718694e+01
 1.15280811e+01 1.11531109e+01 9.50069647e+00 7.86236439e+00
 7.23990954e+00 7.39769950e+00 7.52150971e+00 6.67801326e+00
 5.79774106e+00 5.66050510e+00 4.95876584e+00 5.13942721e+00
 4.23896691e+00 4.37308716e+00 3.89853798e+00 3.22505983e+00
 2.96045390e+00 2.46240459e+00 2.71354444e+00 2.82955481e+00
 2.61622683e+00 3.01833495e+00 2.37156922e+00 2.28908526e+00
 2.09729465e+00 1.99222537e+00 1.56963212e+00 1.19338755e+00
 9.86419510e-01 1.22954562e+00 6.38421125e-01 2.44543321e-01
 1.98643669e-01 1.09327349e-01 7.58454757e-02 5.02972676e-02
 1.04878032e-01 1.32840789e-01 1.66027819e-01 2.46044502e-01
 1.22246141e-01 1.54990618e-01 1.93746862e-02 0.00000000e+00]
their ll:  nan
r  [2.11791171e+01 3.01816796e+01 3.52804849e+01 3.97933861e+01
 4.24742647e+01 4.14400752e+01 4.19651007e+01 4.54204979e+01
 4.28605868e+01 4.45259637e+01 4.35044502e+01 4.44341969e+01
 4.79393370e+01 4.94664076e+01 4.77718959e+01 4.76350893e+01
 4.53144645e+01 4.55242055e+01 4.17238662e+01 3.92867024e+01
 4.03846065e+01 3.74080186e+01 3.50344949e+01 3.45042254e+01
 3.26895888e+01 3.20102440e+01 3.03166156e+01 3.07655060e+01
 2.88697110e+01 3.00572182e+01 2.75845168e+01 2.62520996e+01
 2.57446663e+01 2.48058662e+01 2.54104436e+01 2.31563572e+01
 2.31938677e+01 2.21160744e+01 2.26190678e+01 2.08974558e+01
 1.95414172e+01 2.06687573e+01 2.07889993e+01 1.84682184e+01
 1.63479388e+01 1.66392287e+01 1.54575363e+01 1.34568285e+01
 1.37784517e+01 1.15554443e+01 1.17238164e+01 1.13886408e+01
 1.07964514e+01 9.67531393e+00 9.38798594e+00 9.41361224e+00
 8.03651480e+00 6.50961380e+00 7.78276896e+00 6.56937635e+00
 5.98111708e+00 4.93377588e+00 4.92561054e+00 5.16140974e+00
 3.96274024e+00 4.35320844e+00 3.46391311e+00 3.36872772e+00
 3.66152049e+00 2.95346399e+00 3.20110299e+00 2.93132863e+00
 2.10866223e+00 2.86024417e+00 2.05422699e+00 2.04766650e+00
 1.48203895e+00 1.88188292e+00 1.52549334e+00 1.46859351e+00
 1.47656681e+00 9.19424158e-01 1.20528786e+00 5.74295806e-01
 5.01400764e-01 5.30535657e-01 3.36905937e-01 1.32905329e-01
 1.28765288e-01 6.33474018e-02 1.42745569e-01 1.67111020e-01
 9.99176472e-02 6.59069406e-02 1.51947661e-01 4.08700194e-02
 1.00174931e-01 1.15017606e-01 6.01417528e-03 0.00000000e+00]
their ll:  nan
r  [21514.01850402 27534.80846902 28831.38834299 30512.50497379
 31375.49784589 33070.44490988 34533.13520728 35964.08799057
 37756.21460628 38433.75791112 39243.12470059 40160.21609301
 40952.73550066 42284.83772486 43516.66838565 44034.87995562
 44908.69324636 45272.88913889 45063.1437944  44106.1707657
 42436.96872711 40443.82162333 38399.42809464 36735.19493103
 35264.52400786 33806.33909975 32572.50518388 31841.10027593
 30668.5196884  29620.17300838 28798.08473106 27156.04671947
 26324.2344659  24805.74134589 23685.16935251 22779.34455897
 22023.35952236 21553.62034197 21348.48761299 20807.839629
 20253.79903191 19500.41318276 18714.58550796 17728.66623575
 16740.96782682 15641.53299282 14734.08504642 13858.44679361
 12720.20298637 11848.72657633 11202.10789344 10689.42659364
 10009.97437423  9556.51269646  9190.43040291  8749.25422117
  8352.83061915  7784.18169532  7476.70281225  7046.79957234
  6673.18592001  6473.2858213   6340.23257848  6218.64390096
  5950.42105162  5807.10276704  5739.50555085  5683.20638018
  5585.26957275  5511.72962525  5350.59489067  5318.32720945
  5187.68400061  5069.38624007  4958.03875772  4900.71181909
  4898.58370701  4797.60043255  4795.95363767  4801.64651065
  4653.07373918  4533.0411827   4501.81657633  4421.31991866
  4349.15966991  4362.0189463   4292.91631427  4131.86547953
  4111.37493928  4051.84046314  4054.17860812  4055.49500816
  4051.43395711  4051.94826513  4054.93232106  4053.84098731
  4062.59220179  4062.47996107  4047.12563064  4039.98842534]
their ll:  -568.2596659687034
r  [117.54208094 136.41156399 145.46096683 141.22579248 144.24109845
 145.49168722 143.27548619 149.29616679 157.71771698 159.08719259
 155.08189543 155.67686111 169.22746252 174.07613322 167.90622633
 176.5236093  174.88180262 174.71636256 176.95241468 172.76280518
 169.02443408 165.09035649 169.57046426 169.16348483 159.15181075
 153.00267943 156.94039979 152.38622958 151.25360539 140.74044653
 142.77160507 130.40726701 124.3215056  131.67522444 120.50587116
 119.35112653 113.79987613 103.55416887 100.5056763   90.00840011
  87.1561909   84.94476108  82.05852966  75.1069611   71.62503125
  69.51478006  67.57500976  64.4677052   60.21622194  57.70095542
  54.12820732  49.73871122  48.4029785   45.43506084  48.78550062
  43.00704705  40.39241801  34.16723539  31.29395344  28.88488578
  22.75884774  24.4426279   25.36862474  22.09280694  19.31082327
  17.54123959  17.99974814  15.56043748  13.63395013  15.24669318
  13.43125187  12.72601367  10.20248663   8.61726621   9.3281191
   8.75848307   9.43353498   8.84473976   7.53366802   8.15589497
   6.65884209   5.5957908    5.19089997   5.11191771   3.34319223
   2.2520995    2.818905     1.18372791   0.62476121   0.34326861
   0.43818695   0.72431664   0.76184648   0.54889414   0.71636138
   0.57754763   1.19940414   1.33772508   0.67384476   0.        ]
their ll:  nan
r  [ 70.34455278  83.08568331  88.48131631  91.56400868  94.32690233
  90.90264612  94.27664468 101.06815655  98.38745559  92.16948647
  98.47894966  94.38652845  98.28840121  99.39570174 103.83793567
 103.33587383 104.72537401 100.69118485  97.03617061  90.33761486
  87.23847389  85.00843244  82.16219804  81.64076793  77.37135813
  77.88376987  72.15461624  71.03820275  71.02358687  63.4107616
  67.24847531  66.4245688   57.16897039  60.51937781  57.89588548
  56.41810156  51.00796355  49.85165141  49.65475863  44.88037134
  43.52989508  42.28563736  43.52427001  39.28295369  39.40800831
  33.46261563  32.93638503  32.41351662  30.03363535  26.22975319
  24.3073496   25.44504871  22.33479456  21.01807222  20.80060156
  19.66415394  18.66169031  15.89146002  17.0635782   15.27216614
  13.35700825  13.67096834  11.76653496  11.10510621   8.45738675
   7.93420853   8.36606821  10.31337932   8.7752979    7.27279136
   6.58986076   6.65999066   5.4079553    5.88475958   4.59763395
   4.9757378    4.3558506    3.78234593   2.94193993   3.2776249
   3.33432198   2.11438133   2.479885     2.30910046   2.03019685
   2.01319703   1.27055537   0.74112008   0.40565414   0.26478069
   0.39345772   0.14355833   0.10918106   0.19713489   0.14578435
   0.19194069   0.36956494   0.40637767   0.13191018   0.        ]
their ll:  nan
r  [3.63380365e+01 5.15231328e+01 6.69099281e+01 6.50167261e+01
 6.42109945e+01 6.32247827e+01 6.45305577e+01 6.83359170e+01
 7.45629702e+01 8.03568369e+01 8.19496816e+01 8.29152543e+01
 8.95984338e+01 8.69063318e+01 8.66979532e+01 8.59282712e+01
 7.98721801e+01 8.25344742e+01 8.46554049e+01 8.13003824e+01
 7.56717380e+01 7.39336526e+01 7.55922991e+01 6.85416001e+01
 6.57959126e+01 6.32667975e+01 6.20676297e+01 5.66141563e+01
 5.38586605e+01 5.16392634e+01 4.84520392e+01 4.50239928e+01
 4.58988500e+01 4.56521937e+01 4.21623101e+01 3.81604262e+01
 3.77765409e+01 3.46736695e+01 3.36202733e+01 3.07516655e+01
 3.31722904e+01 3.12751345e+01 2.84590988e+01 2.68871973e+01
 2.46873824e+01 2.53092233e+01 2.26920608e+01 2.28151699e+01
 1.98162924e+01 1.77061901e+01 1.64718459e+01 1.67034942e+01
 1.40623012e+01 1.46907036e+01 1.39524985e+01 1.46718694e+01
 1.15280811e+01 1.11531109e+01 9.50069647e+00 7.86236439e+00
 7.23990954e+00 7.39769950e+00 7.52150971e+00 6.67801326e+00
 5.79774106e+00 5.66050510e+00 4.95876584e+00 5.13942721e+00
 4.23896691e+00 4.37308716e+00 3.89853798e+00 3.22505983e+00
 2.96045390e+00 2.46240459e+00 2.71354444e+00 2.82955481e+00
 2.61622683e+00 3.01833495e+00 2.37156922e+00 2.28908526e+00
 2.09729465e+00 1.99222537e+00 1.56963212e+00 1.19338755e+00
 9.86419510e-01 1.22954562e+00 6.38421125e-01 2.44543321e-01
 1.98643669e-01 1.09327349e-01 7.58454757e-02 5.02972676e-02
 1.04878032e-01 1.32840789e-01 1.66027819e-01 2.46044502e-01
 1.22246141e-01 1.54990618e-01 1.93746862e-02 0.00000000e+00]
their ll:  nan
r  [2.11791171e+01 3.01816796e+01 3.52804849e+01 3.97933861e+01
 4.24742647e+01 4.14400752e+01 4.19651007e+01 4.54204979e+01
 4.28605868e+01 4.45259637e+01 4.35044502e+01 4.44341969e+01
 4.79393370e+01 4.94664076e+01 4.77718959e+01 4.76350893e+01
 4.53144645e+01 4.55242055e+01 4.17238662e+01 3.92867024e+01
 4.03846065e+01 3.74080186e+01 3.50344949e+01 3.45042254e+01
 3.26895888e+01 3.20102440e+01 3.03166156e+01 3.07655060e+01
 2.88697110e+01 3.00572182e+01 2.75845168e+01 2.62520996e+01
 2.57446663e+01 2.48058662e+01 2.54104436e+01 2.31563572e+01
 2.31938677e+01 2.21160744e+01 2.26190678e+01 2.08974558e+01
 1.95414172e+01 2.06687573e+01 2.07889993e+01 1.84682184e+01
 1.63479388e+01 1.66392287e+01 1.54575363e+01 1.34568285e+01
 1.37784517e+01 1.15554443e+01 1.17238164e+01 1.13886408e+01
 1.07964514e+01 9.67531393e+00 9.38798594e+00 9.41361224e+00
 8.03651480e+00 6.50961380e+00 7.78276896e+00 6.56937635e+00
 5.98111708e+00 4.93377588e+00 4.92561054e+00 5.16140974e+00
 3.96274024e+00 4.35320844e+00 3.46391311e+00 3.36872772e+00
 3.66152049e+00 2.95346399e+00 3.20110299e+00 2.93132863e+00
 2.10866223e+00 2.86024417e+00 2.05422699e+00 2.04766650e+00
 1.48203895e+00 1.88188292e+00 1.52549334e+00 1.46859351e+00
 1.47656681e+00 9.19424158e-01 1.20528786e+00 5.74295806e-01
 5.01400764e-01 5.30535657e-01 3.36905937e-01 1.32905329e-01
 1.28765288e-01 6.33474018e-02 1.42745569e-01 1.67111020e-01
 9.99176472e-02 6.59069406e-02 1.51947661e-01 4.08700194e-02
 1.00174931e-01 1.15017606e-01 6.01417528e-03 0.00000000e+00]
their ll:  nan
r  [21514.01850402 27534.80846902 28831.38834299 30512.50497379
 31375.49784589 33070.44490988 34533.13520728 35964.08799057
 37756.21460628 38433.75791112 39243.12470059 40160.21609301
 40952.73550066 42284.83772486 43516.66838565 44034.87995562
 44908.69324636 45272.88913889 45063.1437944  44106.1707657
 42436.96872711 40443.82162333 38399.42809464 36735.19493103
 35264.52400786 33806.33909975 32572.50518388 31841.10027593
 30668.5196884  29620.17300838 28798.08473106 27156.04671947
 26324.2344659  24805.74134589 23685.16935251 22779.34455897
 22023.35952236 21553.62034197 21348.48761299 20807.839629
 20253.79903191 19500.41318276 18714.58550796 17728.66623575
 16740.96782682 15641.53299282 14734.08504642 13858.44679361
 12720.20298637 11848.72657633 11202.10789344 10689.42659364
 10009.97437423  9556.51269646  9190.43040291  8749.25422117
  8352.83061915  7784.18169532  7476.70281225  7046.79957234
  6673.18592001  6473.2858213   6340.23257848  6218.64390096
  5950.42105162  5807.10276704  5739.50555085  5683.20638018
  5585.26957275  5511.72962525  5350.59489067  5318.32720945
  5187.68400061  5069.38624007  4958.03875772  4900.71181909
  4898.58370701  4797.60043255  4795.95363767  4801.64651065
  4653.07373918  4533.0411827   4501.81657633  4421.31991866
  4349.15966991  4362.0189463   4292.91631427  4131.86547953
  4111.37493928  4051.84046314  4054.17860812  4055.49500816
  4051.43395711  4051.94826513  4054.93232106  4053.84098731
  4062.59220179  4062.47996107  4047.12563064  4039.98842534]
their ll:  -568.3807718300519
r  [117.54208094 136.41156399 145.46096683 141.22579248 144.24109845
 145.49168722 143.27548619 149.29616679 157.71771698 159.08719259
 155.08189543 155.67686111 169.22746252 174.07613322 167.90622633
 176.5236093  174.88180262 174.71636256 176.95241468 172.76280518
 169.02443408 165.09035649 169.57046426 169.16348483 159.15181075
 153.00267943 156.94039979 152.38622958 151.25360539 140.74044653
 142.77160507 130.40726701 124.3215056  131.67522444 120.50587116
 119.35112653 113.79987613 103.55416887 100.5056763   90.00840011
  87.1561909   84.94476108  82.05852966  75.1069611   71.62503125
  69.51478006  67.57500976  64.4677052   60.21622194  57.70095542
  54.12820732  49.73871122  48.4029785   45.43506084  48.78550062
  43.00704705  40.39241801  34.16723539  31.29395344  28.88488578
  22.75884774  24.4426279   25.36862474  22.09280694  19.31082327
  17.54123959  17.99974814  15.56043748  13.63395013  15.24669318
  13.43125187  12.72601367  10.20248663   8.61726621   9.3281191
   8.75848307   9.43353498   8.84473976   7.53366802   8.15589497
   6.65884209   5.5957908    5.19089997   5.11191771   3.34319223
   2.2520995    2.818905     1.18372791   0.62476121   0.34326861
   0.43818695   0.72431664   0.76184648   0.54889414   0.71636138
   0.57754763   1.19940414   1.33772508   0.67384476   0.        ]
their ll:  nan
r  [ 70.34455278  83.08568331  88.48131631  91.56400868  94.32690233
  90.90264612  94.27664468 101.06815655  98.38745559  92.16948647
  98.47894966  94.38652845  98.28840121  99.39570174 103.83793567
 103.33587383 104.72537401 100.69118485  97.03617061  90.33761486
  87.23847389  85.00843244  82.16219804  81.64076793  77.37135813
  77.88376987  72.15461624  71.03820275  71.02358687  63.4107616
  67.24847531  66.4245688   57.16897039  60.51937781  57.89588548
  56.41810156  51.00796355  49.85165141  49.65475863  44.88037134
  43.52989508  42.28563736  43.52427001  39.28295369  39.40800831
  33.46261563  32.93638503  32.41351662  30.03363535  26.22975319
  24.3073496   25.44504871  22.33479456  21.01807222  20.80060156
  19.66415394  18.66169031  15.89146002  17.0635782   15.27216614
  13.35700825  13.67096834  11.76653496  11.10510621   8.45738675
   7.93420853   8.36606821  10.31337932   8.7752979    7.27279136
   6.58986076   6.65999066   5.4079553    5.88475958   4.59763395
   4.9757378    4.3558506    3.78234593   2.94193993   3.2776249
   3.33432198   2.11438133   2.479885     2.30910046   2.03019685
   2.01319703   1.27055537   0.74112008   0.40565414   0.26478069
   0.39345772   0.14355833   0.10918106   0.19713489   0.14578435
   0.19194069   0.36956494   0.40637767   0.13191018   0.        ]
their ll:  nan
r  [3.63380365e+01 5.15231328e+01 6.69099281e+01 6.50167261e+01
 6.42109945e+01 6.32247827e+01 6.45305577e+01 6.83359170e+01
 7.45629702e+01 8.03568369e+01 8.19496816e+01 8.29152543e+01
 8.95984338e+01 8.69063318e+01 8.66979532e+01 8.59282712e+01
 7.98721801e+01 8.25344742e+01 8.46554049e+01 8.13003824e+01
 7.56717380e+01 7.39336526e+01 7.55922991e+01 6.85416001e+01
 6.57959126e+01 6.32667975e+01 6.20676297e+01 5.66141563e+01
 5.38586605e+01 5.16392634e+01 4.84520392e+01 4.50239928e+01
 4.58988500e+01 4.56521937e+01 4.21623101e+01 3.81604262e+01
 3.77765409e+01 3.46736695e+01 3.36202733e+01 3.07516655e+01
 3.31722904e+01 3.12751345e+01 2.84590988e+01 2.68871973e+01
 2.46873824e+01 2.53092233e+01 2.26920608e+01 2.28151699e+01
 1.98162924e+01 1.77061901e+01 1.64718459e+01 1.67034942e+01
 1.40623012e+01 1.46907036e+01 1.39524985e+01 1.46718694e+01
 1.15280811e+01 1.11531109e+01 9.50069647e+00 7.86236439e+00
 7.23990954e+00 7.39769950e+00 7.52150971e+00 6.67801326e+00
 5.79774106e+00 5.66050510e+00 4.95876584e+00 5.13942721e+00
 4.23896691e+00 4.37308716e+00 3.89853798e+00 3.22505983e+00
 2.96045390e+00 2.46240459e+00 2.71354444e+00 2.82955481e+00
 2.61622683e+00 3.01833495e+00 2.37156922e+00 2.28908526e+00
 2.09729465e+00 1.99222537e+00 1.56963212e+00 1.19338755e+00
 9.86419510e-01 1.22954562e+00 6.38421125e-01 2.44543321e-01
 1.98643669e-01 1.09327349e-01 7.58454757e-02 5.02972676e-02
 1.04878032e-01 1.32840789e-01 1.66027819e-01 2.46044502e-01
 1.22246141e-01 1.54990618e-01 1.93746862e-02 0.00000000e+00]
their ll:  nan
r  [2.11791171e+01 3.01816796e+01 3.52804849e+01 3.97933861e+01
 4.24742647e+01 4.14400752e+01 4.19651007e+01 4.54204979e+01
 4.28605868e+01 4.45259637e+01 4.35044502e+01 4.44341969e+01
 4.79393370e+01 4.94664076e+01 4.77718959e+01 4.76350893e+01
 4.53144645e+01 4.55242055e+01 4.17238662e+01 3.92867024e+01
 4.03846065e+01 3.74080186e+01 3.50344949e+01 3.45042254e+01
 3.26895888e+01 3.20102440e+01 3.03166156e+01 3.07655060e+01
 2.88697110e+01 3.00572182e+01 2.75845168e+01 2.62520996e+01
 2.57446663e+01 2.48058662e+01 2.54104436e+01 2.31563572e+01
 2.31938677e+01 2.21160744e+01 2.26190678e+01 2.08974558e+01
 1.95414172e+01 2.06687573e+01 2.07889993e+01 1.84682184e+01
 1.63479388e+01 1.66392287e+01 1.54575363e+01 1.34568285e+01
 1.37784517e+01 1.15554443e+01 1.17238164e+01 1.13886408e+01
 1.07964514e+01 9.67531393e+00 9.38798594e+00 9.41361224e+00
 8.03651480e+00 6.50961380e+00 7.78276896e+00 6.56937635e+00
 5.98111708e+00 4.93377588e+00 4.92561054e+00 5.16140974e+00
 3.96274024e+00 4.35320844e+00 3.46391311e+00 3.36872772e+00
 3.66152049e+00 2.95346399e+00 3.20110299e+00 2.93132863e+00
 2.10866223e+00 2.86024417e+00 2.05422699e+00 2.04766650e+00
 1.48203895e+00 1.88188292e+00 1.52549334e+00 1.46859351e+00
 1.47656681e+00 9.19424158e-01 1.20528786e+00 5.74295806e-01
 5.01400764e-01 5.30535657e-01 3.36905937e-01 1.32905329e-01
 1.28765288e-01 6.33474018e-02 1.42745569e-01 1.67111020e-01
 9.99176472e-02 6.59069406e-02 1.51947661e-01 4.08700194e-02
 1.00174931e-01 1.15017606e-01 6.01417528e-03 0.00000000e+00]
their ll:  nan
r  [21514.01850402 27534.80846902 28831.38834299 30512.50497379
 31375.49784589 33070.44490988 34533.13520728 35964.08799057
 37756.21460628 38433.75791112 39243.12470059 40160.21609301
 40952.73550066 42284.83772486 43516.66838565 44034.87995562
 44908.69324636 45272.88913889 45063.1437944  44106.1707657
 42436.96872711 40443.82162333 38399.42809464 36735.19493103
 35264.52400786 33806.33909975 32572.50518388 31841.10027593
 30668.5196884  29620.17300838 28798.08473106 27156.04671947
 26324.2344659  24805.74134589 23685.16935251 22779.34455897
 22023.35952236 21553.62034197 21348.48761299 20807.839629
 20253.79903191 19500.41318276 18714.58550796 17728.66623575
 16740.96782682 15641.53299282 14734.08504642 13858.44679361
 12720.20298637 11848.72657633 11202.10789344 10689.42659364
 10009.97437423  9556.51269646  9190.43040291  8749.25422117
  8352.83061915  7784.18169532  7476.70281225  7046.79957234
  6673.18592001  6473.2858213   6340.23257848  6218.64390096
  5950.42105162  5807.10276704  5739.50555085  5683.20638018
  5585.26957275  5511.72962525  5350.59489067  5318.32720945
  5187.68400061  5069.38624007  4958.03875772  4900.71181909
  4898.58370701  4797.60043255  4795.95363767  4801.64651065
  4653.07373918  4533.0411827   4501.81657633  4421.31991866
  4349.15966991  4362.0189463   4292.91631427  4131.86547953
  4111.37493928  4051.84046314  4054.17860812  4055.49500816
  4051.43395711  4051.94826513  4054.93232106  4053.84098731
  4062.59220179  4062.47996107  4047.12563064  4039.98842534]
their ll:  -568.2419772439392
r  [117.54208094 136.41156399 145.46096683 141.22579248 144.24109845
 145.49168722 143.27548619 149.29616679 157.71771698 159.08719259
 155.08189543 155.67686111 169.22746252 174.07613322 167.90622633
 176.5236093  174.88180262 174.71636256 176.95241468 172.76280518
 169.02443408 165.09035649 169.57046426 169.16348483 159.15181075
 153.00267943 156.94039979 152.38622958 151.25360539 140.74044653
 142.77160507 130.40726701 124.3215056  131.67522444 120.50587116
 119.35112653 113.79987613 103.55416887 100.5056763   90.00840011
  87.1561909   84.94476108  82.05852966  75.1069611   71.62503125
  69.51478006  67.57500976  64.4677052   60.21622194  57.70095542
  54.12820732  49.73871122  48.4029785   45.43506084  48.78550062
  43.00704705  40.39241801  34.16723539  31.29395344  28.88488578
  22.75884774  24.4426279   25.36862474  22.09280694  19.31082327
  17.54123959  17.99974814  15.56043748  13.63395013  15.24669318
  13.43125187  12.72601367  10.20248663   8.61726621   9.3281191
   8.75848307   9.43353498   8.84473976   7.53366802   8.15589497
   6.65884209   5.5957908    5.19089997   5.11191771   3.34319223
   2.2520995    2.818905     1.18372791   0.62476121   0.34326861
   0.43818695   0.72431664   0.76184648   0.54889414   0.71636138
   0.57754763   1.19940414   1.33772508   0.67384476   0.        ]
their ll:  nan
r  [ 70.34455278  83.08568331  88.48131631  91.56400868  94.32690233
  90.90264612  94.27664468 101.06815655  98.38745559  92.16948647
  98.47894966  94.38652845  98.28840121  99.39570174 103.83793567
 103.33587383 104.72537401 100.69118485  97.03617061  90.33761486
  87.23847389  85.00843244  82.16219804  81.64076793  77.37135813
  77.88376987  72.15461624  71.03820275  71.02358687  63.4107616
  67.24847531  66.4245688   57.16897039  60.51937781  57.89588548
  56.41810156  51.00796355  49.85165141  49.65475863  44.88037134
  43.52989508  42.28563736  43.52427001  39.28295369  39.40800831
  33.46261563  32.93638503  32.41351662  30.03363535  26.22975319
  24.3073496   25.44504871  22.33479456  21.01807222  20.80060156
  19.66415394  18.66169031  15.89146002  17.0635782   15.27216614
  13.35700825  13.67096834  11.76653496  11.10510621   8.45738675
   7.93420853   8.36606821  10.31337932   8.7752979    7.27279136
   6.58986076   6.65999066   5.4079553    5.88475958   4.59763395
   4.9757378    4.3558506    3.78234593   2.94193993   3.2776249
   3.33432198   2.11438133   2.479885     2.30910046   2.03019685
   2.01319703   1.27055537   0.74112008   0.40565414   0.26478069
   0.39345772   0.14355833   0.10918106   0.19713489   0.14578435
   0.19194069   0.36956494   0.40637767   0.13191018   0.        ]
their ll:  nan
r  [3.63380365e+01 5.15231328e+01 6.69099281e+01 6.50167261e+01
 6.42109945e+01 6.32247827e+01 6.45305577e+01 6.83359170e+01
 7.45629702e+01 8.03568369e+01 8.19496816e+01 8.29152543e+01
 8.95984338e+01 8.69063318e+01 8.66979532e+01 8.59282712e+01
 7.98721801e+01 8.25344742e+01 8.46554049e+01 8.13003824e+01
 7.56717380e+01 7.39336526e+01 7.55922991e+01 6.85416001e+01
 6.57959126e+01 6.32667975e+01 6.20676297e+01 5.66141563e+01
 5.38586605e+01 5.16392634e+01 4.84520392e+01 4.50239928e+01
 4.58988500e+01 4.56521937e+01 4.21623101e+01 3.81604262e+01
 3.77765409e+01 3.46736695e+01 3.36202733e+01 3.07516655e+01
 3.31722904e+01 3.12751345e+01 2.84590988e+01 2.68871973e+01
 2.46873824e+01 2.53092233e+01 2.26920608e+01 2.28151699e+01
 1.98162924e+01 1.77061901e+01 1.64718459e+01 1.67034942e+01
 1.40623012e+01 1.46907036e+01 1.39524985e+01 1.46718694e+01
 1.15280811e+01 1.11531109e+01 9.50069647e+00 7.86236439e+00
 7.23990954e+00 7.39769950e+00 7.52150971e+00 6.67801326e+00
 5.79774106e+00 5.66050510e+00 4.95876584e+00 5.13942721e+00
 4.23896691e+00 4.37308716e+00 3.89853798e+00 3.22505983e+00
 2.96045390e+00 2.46240459e+00 2.71354444e+00 2.82955481e+00
 2.61622683e+00 3.01833495e+00 2.37156922e+00 2.28908526e+00
 2.09729465e+00 1.99222537e+00 1.56963212e+00 1.19338755e+00
 9.86419510e-01 1.22954562e+00 6.38421125e-01 2.44543321e-01
 1.98643669e-01 1.09327349e-01 7.58454757e-02 5.02972676e-02
 1.04878032e-01 1.32840789e-01 1.66027819e-01 2.46044502e-01
 1.22246141e-01 1.54990618e-01 1.93746862e-02 0.00000000e+00]
their ll:  nan
r  [2.11791171e+01 3.01816796e+01 3.52804849e+01 3.97933861e+01
 4.24742647e+01 4.14400752e+01 4.19651007e+01 4.54204979e+01
 4.28605868e+01 4.45259637e+01 4.35044502e+01 4.44341969e+01
 4.79393370e+01 4.94664076e+01 4.77718959e+01 4.76350893e+01
 4.53144645e+01 4.55242055e+01 4.17238662e+01 3.92867024e+01
 4.03846065e+01 3.74080186e+01 3.50344949e+01 3.45042254e+01
 3.26895888e+01 3.20102440e+01 3.03166156e+01 3.07655060e+01
 2.88697110e+01 3.00572182e+01 2.75845168e+01 2.62520996e+01
 2.57446663e+01 2.48058662e+01 2.54104436e+01 2.31563572e+01
 2.31938677e+01 2.21160744e+01 2.26190678e+01 2.08974558e+01
 1.95414172e+01 2.06687573e+01 2.07889993e+01 1.84682184e+01
 1.63479388e+01 1.66392287e+01 1.54575363e+01 1.34568285e+01
 1.37784517e+01 1.15554443e+01 1.17238164e+01 1.13886408e+01
 1.07964514e+01 9.67531393e+00 9.38798594e+00 9.41361224e+00
 8.03651480e+00 6.50961380e+00 7.78276896e+00 6.56937635e+00
 5.98111708e+00 4.93377588e+00 4.92561054e+00 5.16140974e+00
 3.96274024e+00 4.35320844e+00 3.46391311e+00 3.36872772e+00
 3.66152049e+00 2.95346399e+00 3.20110299e+00 2.93132863e+00
 2.10866223e+00 2.86024417e+00 2.05422699e+00 2.04766650e+00
 1.48203895e+00 1.88188292e+00 1.52549334e+00 1.46859351e+00
 1.47656681e+00 9.19424158e-01 1.20528786e+00 5.74295806e-01
 5.01400764e-01 5.30535657e-01 3.36905937e-01 1.32905329e-01
 1.28765288e-01 6.33474018e-02 1.42745569e-01 1.67111020e-01
 9.99176472e-02 6.59069406e-02 1.51947661e-01 4.08700194e-02
 1.00174931e-01 1.15017606e-01 6.01417528e-03 0.00000000e+00]
their ll:  nan
r  [21514.01850402 27534.80846902 28831.38834299 30512.50497379
 31375.49784589 33070.44490988 34533.13520728 35964.08799057
 37756.21460628 38433.75791112 39243.12470059 40160.21609301
 40952.73550066 42284.83772486 43516.66838565 44034.87995562
 44908.69324636 45272.88913889 45063.1437944  44106.1707657
 42436.96872711 40443.82162333 38399.42809464 36735.19493103
 35264.52400786 33806.33909975 32572.50518388 31841.10027593
 30668.5196884  29620.17300838 28798.08473106 27156.04671947
 26324.2344659  24805.74134589 23685.16935251 22779.34455897
 22023.35952236 21553.62034197 21348.48761299 20807.839629
 20253.79903191 19500.41318276 18714.58550796 17728.66623575
 16740.96782682 15641.53299282 14734.08504642 13858.44679361
 12720.20298637 11848.72657633 11202.10789344 10689.42659364
 10009.97437423  9556.51269646  9190.43040291  8749.25422117
  8352.83061915  7784.18169532  7476.70281225  7046.79957234
  6673.18592001  6473.2858213   6340.23257848  6218.64390096
  5950.42105162  5807.10276704  5739.50555085  5683.20638018
  5585.26957275  5511.72962525  5350.59489067  5318.32720945
  5187.68400061  5069.38624007  4958.03875772  4900.71181909
  4898.58370701  4797.60043255  4795.95363767  4801.64651065
  4653.07373918  4533.0411827   4501.81657633  4421.31991866
  4349.15966991  4362.0189463   4292.91631427  4131.86547953
  4111.37493928  4051.84046314  4054.17860812  4055.49500816
  4051.43395711  4051.94826513  4054.93232106  4053.84098731
  4062.59220179  4062.47996107  4047.12563064  4039.98842534]
their ll:  -568.4096103578112
r  [117.54208094 136.41156399 145.46096683 141.22579248 144.24109845
 145.49168722 143.27548619 149.29616679 157.71771698 159.08719259
 155.08189543 155.67686111 169.22746252 174.07613322 167.90622633
 176.5236093  174.88180262 174.71636256 176.95241468 172.76280518
 169.02443408 165.09035649 169.57046426 169.16348483 159.15181075
 153.00267943 156.94039979 152.38622958 151.25360539 140.74044653
 142.77160507 130.40726701 124.3215056  131.67522444 120.50587116
 119.35112653 113.79987613 103.55416887 100.5056763   90.00840011
  87.1561909   84.94476108  82.05852966  75.1069611   71.62503125
  69.51478006  67.57500976  64.4677052   60.21622194  57.70095542
  54.12820732  49.73871122  48.4029785   45.43506084  48.78550062
  43.00704705  40.39241801  34.16723539  31.29395344  28.88488578
  22.75884774  24.4426279   25.36862474  22.09280694  19.31082327
  17.54123959  17.99974814  15.56043748  13.63395013  15.24669318
  13.43125187  12.72601367  10.20248663   8.61726621   9.3281191
   8.75848307   9.43353498   8.84473976   7.53366802   8.15589497
   6.65884209   5.5957908    5.19089997   5.11191771   3.34319223
   2.2520995    2.818905     1.18372791   0.62476121   0.34326861
   0.43818695   0.72431664   0.76184648   0.54889414   0.71636138
   0.57754763   1.19940414   1.33772508   0.67384476   0.        ]
their ll:  nan
r  [ 70.34455278  83.08568331  88.48131631  91.56400868  94.32690233
  90.90264612  94.27664468 101.06815655  98.38745559  92.16948647
  98.47894966  94.38652845  98.28840121  99.39570174 103.83793567
 103.33587383 104.72537401 100.69118485  97.03617061  90.33761486
  87.23847389  85.00843244  82.16219804  81.64076793  77.37135813
  77.88376987  72.15461624  71.03820275  71.02358687  63.4107616
  67.24847531  66.4245688   57.16897039  60.51937781  57.89588548
  56.41810156  51.00796355  49.85165141  49.65475863  44.88037134
  43.52989508  42.28563736  43.52427001  39.28295369  39.40800831
  33.46261563  32.93638503  32.41351662  30.03363535  26.22975319
  24.3073496   25.44504871  22.33479456  21.01807222  20.80060156
  19.66415394  18.66169031  15.89146002  17.0635782   15.27216614
  13.35700825  13.67096834  11.76653496  11.10510621   8.45738675
   7.93420853   8.36606821  10.31337932   8.7752979    7.27279136
   6.58986076   6.65999066   5.4079553    5.88475958   4.59763395
   4.9757378    4.3558506    3.78234593   2.94193993   3.2776249
   3.33432198   2.11438133   2.479885     2.30910046   2.03019685
   2.01319703   1.27055537   0.74112008   0.40565414   0.26478069
   0.39345772   0.14355833   0.10918106   0.19713489   0.14578435
   0.19194069   0.36956494   0.40637767   0.13191018   0.        ]
their ll:  nan
r  [3.63380365e+01 5.15231328e+01 6.69099281e+01 6.50167261e+01
 6.42109945e+01 6.32247827e+01 6.45305577e+01 6.83359170e+01
 7.45629702e+01 8.03568369e+01 8.19496816e+01 8.29152543e+01
 8.95984338e+01 8.69063318e+01 8.66979532e+01 8.59282712e+01
 7.98721801e+01 8.25344742e+01 8.46554049e+01 8.13003824e+01
 7.56717380e+01 7.39336526e+01 7.55922991e+01 6.85416001e+01
 6.57959126e+01 6.32667975e+01 6.20676297e+01 5.66141563e+01
 5.38586605e+01 5.16392634e+01 4.84520392e+01 4.50239928e+01
 4.58988500e+01 4.56521937e+01 4.21623101e+01 3.81604262e+01
 3.77765409e+01 3.46736695e+01 3.36202733e+01 3.07516655e+01
 3.31722904e+01 3.12751345e+01 2.84590988e+01 2.68871973e+01
 2.46873824e+01 2.53092233e+01 2.26920608e+01 2.28151699e+01
 1.98162924e+01 1.77061901e+01 1.64718459e+01 1.67034942e+01
 1.40623012e+01 1.46907036e+01 1.39524985e+01 1.46718694e+01
 1.15280811e+01 1.11531109e+01 9.50069647e+00 7.86236439e+00
 7.23990954e+00 7.39769950e+00 7.52150971e+00 6.67801326e+00
 5.79774106e+00 5.66050510e+00 4.95876584e+00 5.13942721e+00
 4.23896691e+00 4.37308716e+00 3.89853798e+00 3.22505983e+00
 2.96045390e+00 2.46240459e+00 2.71354444e+00 2.82955481e+00
 2.61622683e+00 3.01833495e+00 2.37156922e+00 2.28908526e+00
 2.09729465e+00 1.99222537e+00 1.56963212e+00 1.19338755e+00
 9.86419510e-01 1.22954562e+00 6.38421125e-01 2.44543321e-01
 1.98643669e-01 1.09327349e-01 7.58454757e-02 5.02972676e-02
 1.04878032e-01 1.32840789e-01 1.66027819e-01 2.46044502e-01
 1.22246141e-01 1.54990618e-01 1.93746862e-02 0.00000000e+00]
their ll:  nan
r  [2.11791171e+01 3.01816796e+01 3.52804849e+01 3.97933861e+01
 4.24742647e+01 4.14400752e+01 4.19651007e+01 4.54204979e+01
 4.28605868e+01 4.45259637e+01 4.35044502e+01 4.44341969e+01
 4.79393370e+01 4.94664076e+01 4.77718959e+01 4.76350893e+01
 4.53144645e+01 4.55242055e+01 4.17238662e+01 3.92867024e+01
 4.03846065e+01 3.74080186e+01 3.50344949e+01 3.45042254e+01
 3.26895888e+01 3.20102440e+01 3.03166156e+01 3.07655060e+01
 2.88697110e+01 3.00572182e+01 2.75845168e+01 2.62520996e+01
 2.57446663e+01 2.48058662e+01 2.54104436e+01 2.31563572e+01
 2.31938677e+01 2.21160744e+01 2.26190678e+01 2.08974558e+01
 1.95414172e+01 2.06687573e+01 2.07889993e+01 1.84682184e+01
 1.63479388e+01 1.66392287e+01 1.54575363e+01 1.34568285e+01
 1.37784517e+01 1.15554443e+01 1.17238164e+01 1.13886408e+01
 1.07964514e+01 9.67531393e+00 9.38798594e+00 9.41361224e+00
 8.03651480e+00 6.50961380e+00 7.78276896e+00 6.56937635e+00
 5.98111708e+00 4.93377588e+00 4.92561054e+00 5.16140974e+00
 3.96274024e+00 4.35320844e+00 3.46391311e+00 3.36872772e+00
 3.66152049e+00 2.95346399e+00 3.20110299e+00 2.93132863e+00
 2.10866223e+00 2.86024417e+00 2.05422699e+00 2.04766650e+00
 1.48203895e+00 1.88188292e+00 1.52549334e+00 1.46859351e+00
 1.47656681e+00 9.19424158e-01 1.20528786e+00 5.74295806e-01
 5.01400764e-01 5.30535657e-01 3.36905937e-01 1.32905329e-01
 1.28765288e-01 6.33474018e-02 1.42745569e-01 1.67111020e-01
 9.99176472e-02 6.59069406e-02 1.51947661e-01 4.08700194e-02
 1.00174931e-01 1.15017606e-01 6.01417528e-03 0.00000000e+00]
their ll:  nan
r  [21514.01850402 27534.80846902 28831.38834299 30512.50497379
 31375.49784589 33070.44490988 34533.13520728 35964.08799057
 37756.21460628 38433.75791112 39243.12470059 40160.21609301
 40952.73550066 42284.83772486 43516.66838565 44034.87995562
 44908.69324636 45272.88913889 45063.1437944  44106.1707657
 42436.96872711 40443.82162333 38399.42809464 36735.19493103
 35264.52400786 33806.33909975 32572.50518388 31841.10027593
 30668.5196884  29620.17300838 28798.08473106 27156.04671947
 26324.2344659  24805.74134589 23685.16935251 22779.34455897
 22023.35952236 21553.62034197 21348.48761299 20807.839629
 20253.79903191 19500.41318276 18714.58550796 17728.66623575
 16740.96782682 15641.53299282 14734.08504642 13858.44679361
 12720.20298637 11848.72657633 11202.10789344 10689.42659364
 10009.97437423  9556.51269646  9190.43040291  8749.25422117
  8352.83061915  7784.18169532  7476.70281225  7046.79957234
  6673.18592001  6473.2858213   6340.23257848  6218.64390096
  5950.42105162  5807.10276704  5739.50555085  5683.20638018
  5585.26957275  5511.72962525  5350.59489067  5318.32720945
  5187.68400061  5069.38624007  4958.03875772  4900.71181909
  4898.58370701  4797.60043255  4795.95363767  4801.64651065
  4653.07373918  4533.0411827   4501.81657633  4421.31991866
  4349.15966991  4362.0189463   4292.91631427  4131.86547953
  4111.37493928  4051.84046314  4054.17860812  4055.49500816
  4051.43395711  4051.94826513  4054.93232106  4053.84098731
  4062.59220179  4062.47996107  4047.12563064  4039.98842534]
their ll:  -568.1619695158128
r  [117.54208094 136.41156399 145.46096683 141.22579248 144.24109845
 145.49168722 143.27548619 149.29616679 157.71771698 159.08719259
 155.08189543 155.67686111 169.22746252 174.07613322 167.90622633
 176.5236093  174.88180262 174.71636256 176.95241468 172.76280518
 169.02443408 165.09035649 169.57046426 169.16348483 159.15181075
 153.00267943 156.94039979 152.38622958 151.25360539 140.74044653
 142.77160507 130.40726701 124.3215056  131.67522444 120.50587116
 119.35112653 113.79987613 103.55416887 100.5056763   90.00840011
  87.1561909   84.94476108  82.05852966  75.1069611   71.62503125
  69.51478006  67.57500976  64.4677052   60.21622194  57.70095542
  54.12820732  49.73871122  48.4029785   45.43506084  48.78550062
  43.00704705  40.39241801  34.16723539  31.29395344  28.88488578
  22.75884774  24.4426279   25.36862474  22.09280694  19.31082327
  17.54123959  17.99974814  15.56043748  13.63395013  15.24669318
  13.43125187  12.72601367  10.20248663   8.61726621   9.3281191
   8.75848307   9.43353498   8.84473976   7.53366802   8.15589497
   6.65884209   5.5957908    5.19089997   5.11191771   3.34319223
   2.2520995    2.818905     1.18372791   0.62476121   0.34326861
   0.43818695   0.72431664   0.76184648   0.54889414   0.71636138
   0.57754763   1.19940414   1.33772508   0.67384476   0.        ]
their ll:  nan
r  [ 70.34455278  83.08568331  88.48131631  91.56400868  94.32690233
  90.90264612  94.27664468 101.06815655  98.38745559  92.16948647
  98.47894966  94.38652845  98.28840121  99.39570174 103.83793567
 103.33587383 104.72537401 100.69118485  97.03617061  90.33761486
  87.23847389  85.00843244  82.16219804  81.64076793  77.37135813
  77.88376987  72.15461624  71.03820275  71.02358687  63.4107616
  67.24847531  66.4245688   57.16897039  60.51937781  57.89588548
  56.41810156  51.00796355  49.85165141  49.65475863  44.88037134
  43.52989508  42.28563736  43.52427001  39.28295369  39.40800831
  33.46261563  32.93638503  32.41351662  30.03363535  26.22975319
  24.3073496   25.44504871  22.33479456  21.01807222  20.80060156
  19.66415394  18.66169031  15.89146002  17.0635782   15.27216614
  13.35700825  13.67096834  11.76653496  11.10510621   8.45738675
   7.93420853   8.36606821  10.31337932   8.7752979    7.27279136
   6.58986076   6.65999066   5.4079553    5.88475958   4.59763395
   4.9757378    4.3558506    3.78234593   2.94193993   3.2776249
   3.33432198   2.11438133   2.479885     2.30910046   2.03019685
   2.01319703   1.27055537   0.74112008   0.40565414   0.26478069
   0.39345772   0.14355833   0.10918106   0.19713489   0.14578435
   0.19194069   0.36956494   0.40637767   0.13191018   0.        ]
their ll:  nan
r  [3.63380365e+01 5.15231328e+01 6.69099281e+01 6.50167261e+01
 6.42109945e+01 6.32247827e+01 6.45305577e+01 6.83359170e+01
 7.45629702e+01 8.03568369e+01 8.19496816e+01 8.29152543e+01
 8.95984338e+01 8.69063318e+01 8.66979532e+01 8.59282712e+01
 7.98721801e+01 8.25344742e+01 8.46554049e+01 8.13003824e+01
 7.56717380e+01 7.39336526e+01 7.55922991e+01 6.85416001e+01
 6.57959126e+01 6.32667975e+01 6.20676297e+01 5.66141563e+01
 5.38586605e+01 5.16392634e+01 4.84520392e+01 4.50239928e+01
 4.58988500e+01 4.56521937e+01 4.21623101e+01 3.81604262e+01
 3.77765409e+01 3.46736695e+01 3.36202733e+01 3.07516655e+01
 3.31722904e+01 3.12751345e+01 2.84590988e+01 2.68871973e+01
 2.46873824e+01 2.53092233e+01 2.26920608e+01 2.28151699e+01
 1.98162924e+01 1.77061901e+01 1.64718459e+01 1.67034942e+01
 1.40623012e+01 1.46907036e+01 1.39524985e+01 1.46718694e+01
 1.15280811e+01 1.11531109e+01 9.50069647e+00 7.86236439e+00
 7.23990954e+00 7.39769950e+00 7.52150971e+00 6.67801326e+00
 5.79774106e+00 5.66050510e+00 4.95876584e+00 5.13942721e+00
 4.23896691e+00 4.37308716e+00 3.89853798e+00 3.22505983e+00
 2.96045390e+00 2.46240459e+00 2.71354444e+00 2.82955481e+00
 2.61622683e+00 3.01833495e+00 2.37156922e+00 2.28908526e+00
 2.09729465e+00 1.99222537e+00 1.56963212e+00 1.19338755e+00
 9.86419510e-01 1.22954562e+00 6.38421125e-01 2.44543321e-01
 1.98643669e-01 1.09327349e-01 7.58454757e-02 5.02972676e-02
 1.04878032e-01 1.32840789e-01 1.66027819e-01 2.46044502e-01
 1.22246141e-01 1.54990618e-01 1.93746862e-02 0.00000000e+00]
their ll:  nan
r  [2.11791171e+01 3.01816796e+01 3.52804849e+01 3.97933861e+01
 4.24742647e+01 4.14400752e+01 4.19651007e+01 4.54204979e+01
 4.28605868e+01 4.45259637e+01 4.35044502e+01 4.44341969e+01
 4.79393370e+01 4.94664076e+01 4.77718959e+01 4.76350893e+01
 4.53144645e+01 4.55242055e+01 4.17238662e+01 3.92867024e+01
 4.03846065e+01 3.74080186e+01 3.50344949e+01 3.45042254e+01
 3.26895888e+01 3.20102440e+01 3.03166156e+01 3.07655060e+01
 2.88697110e+01 3.00572182e+01 2.75845168e+01 2.62520996e+01
 2.57446663e+01 2.48058662e+01 2.54104436e+01 2.31563572e+01
 2.31938677e+01 2.21160744e+01 2.26190678e+01 2.08974558e+01
 1.95414172e+01 2.06687573e+01 2.07889993e+01 1.84682184e+01
 1.63479388e+01 1.66392287e+01 1.54575363e+01 1.34568285e+01
 1.37784517e+01 1.15554443e+01 1.17238164e+01 1.13886408e+01
 1.07964514e+01 9.67531393e+00 9.38798594e+00 9.41361224e+00
 8.03651480e+00 6.50961380e+00 7.78276896e+00 6.56937635e+00
 5.98111708e+00 4.93377588e+00 4.92561054e+00 5.16140974e+00
 3.96274024e+00 4.35320844e+00 3.46391311e+00 3.36872772e+00
 3.66152049e+00 2.95346399e+00 3.20110299e+00 2.93132863e+00
 2.10866223e+00 2.86024417e+00 2.05422699e+00 2.04766650e+00
 1.48203895e+00 1.88188292e+00 1.52549334e+00 1.46859351e+00
 1.47656681e+00 9.19424158e-01 1.20528786e+00 5.74295806e-01
 5.01400764e-01 5.30535657e-01 3.36905937e-01 1.32905329e-01
 1.28765288e-01 6.33474018e-02 1.42745569e-01 1.67111020e-01
 9.99176472e-02 6.59069406e-02 1.51947661e-01 4.08700194e-02
 1.00174931e-01 1.15017606e-01 6.01417528e-03 0.00000000e+00]
their ll:  nan
r  [21514.01850402 27534.80846902 28831.38834299 30512.50497379
 31375.49784589 33070.44490988 34533.13520728 35964.08799057
 37756.21460628 38433.75791112 39243.12470059 40160.21609301
 40952.73550066 42284.83772486 43516.66838565 44034.87995562
 44908.69324636 45272.88913889 45063.1437944  44106.1707657
 42436.96872711 40443.82162333 38399.42809464 36735.19493103
 35264.52400786 33806.33909975 32572.50518388 31841.10027593
 30668.5196884  29620.17300838 28798.08473106 27156.04671947
 26324.2344659  24805.74134589 23685.16935251 22779.34455897
 22023.35952236 21553.62034197 21348.48761299 20807.839629
 20253.79903191 19500.41318276 18714.58550796 17728.66623575
 16740.96782682 15641.53299282 14734.08504642 13858.44679361
 12720.20298637 11848.72657633 11202.10789344 10689.42659364
 10009.97437423  9556.51269646  9190.43040291  8749.25422117
  8352.83061915  7784.18169532  7476.70281225  7046.79957234
  6673.18592001  6473.2858213   6340.23257848  6218.64390096
  5950.42105162  5807.10276704  5739.50555085  5683.20638018
  5585.26957275  5511.72962525  5350.59489067  5318.32720945
  5187.68400061  5069.38624007  4958.03875772  4900.71181909
  4898.58370701  4797.60043255  4795.95363767  4801.64651065
  4653.07373918  4533.0411827   4501.81657633  4421.31991866
  4349.15966991  4362.0189463   4292.91631427  4131.86547953
  4111.37493928  4051.84046314  4054.17860812  4055.49500816
  4051.43395711  4051.94826513  4054.93232106  4053.84098731
  4062.59220179  4062.47996107  4047.12563064  4039.98842534]
their ll:  -568.3461343932836
r  [117.54208094 136.41156399 145.46096683 141.22579248 144.24109845
 145.49168722 143.27548619 149.29616679 157.71771698 159.08719259
 155.08189543 155.67686111 169.22746252 174.07613322 167.90622633
 176.5236093  174.88180262 174.71636256 176.95241468 172.76280518
 169.02443408 165.09035649 169.57046426 169.16348483 159.15181075
 153.00267943 156.94039979 152.38622958 151.25360539 140.74044653
 142.77160507 130.40726701 124.3215056  131.67522444 120.50587116
 119.35112653 113.79987613 103.55416887 100.5056763   90.00840011
  87.1561909   84.94476108  82.05852966  75.1069611   71.62503125
  69.51478006  67.57500976  64.4677052   60.21622194  57.70095542
  54.12820732  49.73871122  48.4029785   45.43506084  48.78550062
  43.00704705  40.39241801  34.16723539  31.29395344  28.88488578
  22.75884774  24.4426279   25.36862474  22.09280694  19.31082327
  17.54123959  17.99974814  15.56043748  13.63395013  15.24669318
  13.43125187  12.72601367  10.20248663   8.61726621   9.3281191
   8.75848307   9.43353498   8.84473976   7.53366802   8.15589497
   6.65884209   5.5957908    5.19089997   5.11191771   3.34319223
   2.2520995    2.818905     1.18372791   0.62476121   0.34326861
   0.43818695   0.72431664   0.76184648   0.54889414   0.71636138
   0.57754763   1.19940414   1.33772508   0.67384476   0.        ]
their ll:  nan
r  [ 70.34455278  83.08568331  88.48131631  91.56400868  94.32690233
  90.90264612  94.27664468 101.06815655  98.38745559  92.16948647
  98.47894966  94.38652845  98.28840121  99.39570174 103.83793567
 103.33587383 104.72537401 100.69118485  97.03617061  90.33761486
  87.23847389  85.00843244  82.16219804  81.64076793  77.37135813
  77.88376987  72.15461624  71.03820275  71.02358687  63.4107616
  67.24847531  66.4245688   57.16897039  60.51937781  57.89588548
  56.41810156  51.00796355  49.85165141  49.65475863  44.88037134
  43.52989508  42.28563736  43.52427001  39.28295369  39.40800831
  33.46261563  32.93638503  32.41351662  30.03363535  26.22975319
  24.3073496   25.44504871  22.33479456  21.01807222  20.80060156
  19.66415394  18.66169031  15.89146002  17.0635782   15.27216614
  13.35700825  13.67096834  11.76653496  11.10510621   8.45738675
   7.93420853   8.36606821  10.31337932   8.7752979    7.27279136
   6.58986076   6.65999066   5.4079553    5.88475958   4.59763395
   4.9757378    4.3558506    3.78234593   2.94193993   3.2776249
   3.33432198   2.11438133   2.479885     2.30910046   2.03019685
   2.01319703   1.27055537   0.74112008   0.40565414   0.26478069
   0.39345772   0.14355833   0.10918106   0.19713489   0.14578435
   0.19194069   0.36956494   0.40637767   0.13191018   0.        ]
their ll:  nan
r  [3.63380365e+01 5.15231328e+01 6.69099281e+01 6.50167261e+01
 6.42109945e+01 6.32247827e+01 6.45305577e+01 6.83359170e+01
 7.45629702e+01 8.03568369e+01 8.19496816e+01 8.29152543e+01
 8.95984338e+01 8.69063318e+01 8.66979532e+01 8.59282712e+01
 7.98721801e+01 8.25344742e+01 8.46554049e+01 8.13003824e+01
 7.56717380e+01 7.39336526e+01 7.55922991e+01 6.85416001e+01
 6.57959126e+01 6.32667975e+01 6.20676297e+01 5.66141563e+01
 5.38586605e+01 5.16392634e+01 4.84520392e+01 4.50239928e+01
 4.58988500e+01 4.56521937e+01 4.21623101e+01 3.81604262e+01
 3.77765409e+01 3.46736695e+01 3.36202733e+01 3.07516655e+01
 3.31722904e+01 3.12751345e+01 2.84590988e+01 2.68871973e+01
 2.46873824e+01 2.53092233e+01 2.26920608e+01 2.28151699e+01
 1.98162924e+01 1.77061901e+01 1.64718459e+01 1.67034942e+01
 1.40623012e+01 1.46907036e+01 1.39524985e+01 1.46718694e+01
 1.15280811e+01 1.11531109e+01 9.50069647e+00 7.86236439e+00
 7.23990954e+00 7.39769950e+00 7.52150971e+00 6.67801326e+00
 5.79774106e+00 5.66050510e+00 4.95876584e+00 5.13942721e+00
 4.23896691e+00 4.37308716e+00 3.89853798e+00 3.22505983e+00
 2.96045390e+00 2.46240459e+00 2.71354444e+00 2.82955481e+00
 2.61622683e+00 3.01833495e+00 2.37156922e+00 2.28908526e+00
 2.09729465e+00 1.99222537e+00 1.56963212e+00 1.19338755e+00
 9.86419510e-01 1.22954562e+00 6.38421125e-01 2.44543321e-01
 1.98643669e-01 1.09327349e-01 7.58454757e-02 5.02972676e-02
 1.04878032e-01 1.32840789e-01 1.66027819e-01 2.46044502e-01
 1.22246141e-01 1.54990618e-01 1.93746862e-02 0.00000000e+00]
their ll:  nan
r  